0 0.4976488095238096 0.6011855158730158 0.46948743386243386 0.3371378968253968
2 0.3788988095238095 0.30535962301587305 0.1444477513227513 0.04883928571428571
2 0.7148115079365079 0.3775595238095238 0.32729497354497356 0.17059771825396827
1 0.5714583333333333 0.40902777777777777 0.08284722222222222 0.07506944444444445
1 0.7285548941798942 0.47614335317460316 0.12839616402116402 0.06215029761904762
1 0.7862003968253968 0.5375967261904763 0.12898809523809524 0.07865823412698413
2 0.27371362433862434 0.41875496031746035 0.11820767195767196 0.17149305555555555
2 0.503396164021164 0.3279935515873016 0.18517526455026456 0.057886904761904764
1 0.46371031746031743 0.3947668650793651 0.12693121693121692 0.08729662698412699
1 0.34841600529100525 0.38593998015873016 0.10159722222222223 0.07416914682539683
1 0.5020205026455026 0.6914930555555555 0.5597288359788359 0.4498387896825397