1 0.43825396825396823 0.4182986111111111 0.12770833333333334 0.12039186507936508
1 0.5088161375661376 0.5158085317460317 0.19454695767195765 0.08141369047619047
1 0.3874669312169312 0.5963293650793651 0.0762797619047619 0.09202628968253969
1 0.2617460317460317 0.608452380952381 0.15540674603174603 0.12462797619047619
1 0.3152281746031746 0.4825297619047619 0.1509424603174603 0.10260416666666666
0 0.6499371693121694 0.49940228174603174 0.38022156084656084 0.38288194444444446
2 0.4589550264550265 0.7186780753968254 0.45045304232804234 0.09750248015873016
2 0.7441170634920635 0.676624503968254 0.08691468253968253 0.07077628968253968
2 0.27801587301587305 0.5371180555555555 0.15188492063492065 0.06479910714285714
2 0.21787698412698414 0.4650892857142857 0.052711640211640216 0.05527777777777778
2 0.30043650793650795 0.39612847222222225 0.1281382275132275 0.07761904761904762
2 0.2104861111111111 0.6466468253968255 0.14345238095238094 0.08798363095238096
2 0.46028439153439155 0.31104166666666666 0.19458664021164018 0.0815500992063492
2 0.6515310846560847 0.3905877976190476 0.03364748677248677 0.04873015873015873
2 0.7640343915343916 0.3262772817460317 0.05552248677248677 0.04277281746031746
2 0.7107506613756613 0.5569097222222222 0.043925264550264555 0.07074404761904762
2 0.5020998677248677 0.2639434523809524 0.06453373015873017 0.040776289682539685