0 0.445109126984127 0.4984755291005291 0.5375396825396825 0.6060747354497354
2 0.2080406746031746 0.6995403439153439 0.15268849206349205 0.3071494708994709
2 0.36142609126984127 0.7096329365079365 0.14943948412698413 0.37693783068783066
2 0.4896378968253968 0.8468783068783069 0.17273065476190477 0.24798941798941798
2 0.6122743055555556 0.8486871693121693 0.12782242063492064 0.09618386243386244
1 0.2278546626984127 0.5378240740740741 0.0973561507936508 0.10270833333333332
1 0.3220362103174603 0.42851851851851847 0.058405257936507936 0.07243055555555555
1 0.2817981150793651 0.31903108465608465 0.06900545634920635 0.09508597883597884
1 0.22195436507936506 0.40026455026455027 0.03853670634920635 0.04566137566137567
1 0.18041666666666667 0.41142526455026457 0.0353844246031746 0.09772156084656085
1 0.3222668650793651 0.23836640211640214 0.05050595238095238 0.08616071428571428
1 0.3728174603174603 0.27535714285714286 0.08097718253968254 0.08952050264550264
1 0.4712326388888889 0.26656084656084655 0.12074900793650795 0.10414021164021164
1 0.6557068452380952 0.651332671957672 0.05209077380952381 0.061583994708994706
1 0.85609375 0.5007109788359788 0.1379315476190476 0.1903637566137566