0 0.48548611111111106 0.6015947420634921 0.6292096560846561 0.42663194444444447
2 0.4544973544973545 0.42033234126984126 0.06125 0.07123759920634921
2 0.6992592592592592 0.48324900793650793 0.18958333333333333 0.07863095238095238
2 0.365651455026455 0.7408581349206349 0.3233035714285714 0.21292162698412698
2 0.46151124338624333 0.6073511904761905 0.21641203703703701 0.06311259920634921
2 0.6357705026455026 0.5630853174603175 0.31656084656084654 0.08970238095238095
1 0.6406547619047619 0.6734647817460317 0.30121031746031746 0.20580605158730159
1 0.17269510582010583 0.5313690476190476 0.19134589947089947 0.26696924603174604
1 0.36160714285714285 0.5465500992063492 0.29567791005291005 0.1361656746031746
1 0.34514550264550264 0.42297371031746034 0.21252314814814813 0.12552579365079367
1 0.5625231481481481 0.45007192460317463 0.2398346560846561 0.1567013888888889