0 0.5259358465608466 0.5616666666666666 0.5016071428571428 0.3435714285714286
1 0.5487500000000001 0.5778000992063492 0.5141699735449735 0.4899280753968254
1 0.28698743386243386 0.3269518849206349 0.14258928571428572 0.1469965277777778
1 0.36975859788359794 0.2734970238095238 0.1102876984126984 0.08110615079365079
2 0.6105357142857143 0.31162698412698414 0.13503637566137566 0.047586805555555556
1 0.6214715608465609 0.28459325396825397 0.0990079365079365 0.03091765873015873
1 0.6544444444444444 0.256671626984127 0.09096230158730159 0.07157986111111111
2 0.39695105820105825 0.3419122023809524 0.08103174603174602 0.07196676587301588
2 0.4876587301587302 0.3152480158730159 0.10803902116402116 0.05482638888888889
1 0.4641798941798942 0.2782638888888889 0.08037698412698413 0.025496031746031746
2 0.7641402116402117 0.39288690476190474 0.05139550264550264 0.07137896825396825
2 0.7168584656084657 0.27820684523809525 0.034034391534391535 0.04106150793650794
2 0.6095767195767196 0.20822668650793652 0.15081679894179895 0.03138888888888889