2 0.40370370370370373 0.3625 0.2037037037037037 0.14722222222222223
1 0.4666666666666667 0.26458333333333334 0.3148148148148148 0.18472222222222223
2 0.45925925925925926 0.17569444444444443 0.24444444444444444 0.07083333333333333
2 0.2898148148148148 0.24583333333333332 0.18703703703703703 0.10833333333333334
2 0.5157407407407407 0.8756944444444444 0.20185185185185187 0.08194444444444444
1 0.5120370370370371 0.6652777777777777 0.5277777777777778 0.19444444444444445
1 0.5222222222222223 0.79375 0.3851851851851852 0.12638888888888888
1 0.575 0.5652777777777778 0.17222222222222222 0.11944444444444445
0 0.3814814814814815 0.7548611111111111 0.2 0.10972222222222222
0 0.4462962962962963 0.5493055555555556 0.12962962962962962 0.07916666666666666
0 0.7194444444444444 0.6180555555555556 0.15 0.11944444444444445
0 0.6657407407407407 0.7520833333333333 0.19074074074074074 0.11527777777777778