0 0.4381696428571429 0.5350958994708995 0.4442931547619048 0.5437367724867724
1 0.5181622023809523 0.7457473544973544 0.06608878968253969 0.07218253968253968
1 0.5484176587301587 0.7677347883597884 0.0670734126984127 0.07316798941798941
1 0.6380679563492063 0.7356613756613756 0.06036458333333333 0.09499999999999999
1 0.6670858134920635 0.532149470899471 0.043990575396825396 0.06827050264550265
1 0.5900818452380953 0.606712962962963 0.0511954365079365 0.06196759259259259
1 0.6902728174603174 0.642255291005291 0.04324404761904762 0.05700066137566138
1 0.6028546626984127 0.8163392857142857 0.04945684523809524 0.07117394179894179
2 0.4428893849206349 0.2615112433862434 0.23052083333333334 0.16521825396825396
2 0.598015873015873 0.3626785714285714 0.09682539682539681 0.32787037037037037
2 0.7205233134920636 0.3894642857142857 0.14342757936507936 0.26900793650793653
2 0.2679365079365079 0.5605853174603175 0.046785714285714285 0.07223214285714286
2 0.35833085317460317 0.6820998677248677 0.036602182539682546 0.054014550264550265
2 0.2908779761904762 0.2899537037037037 0.03066220238095238 0.05014550264550264
2 0.7407390873015872 0.5655489417989418 0.037532242063492066 0.04908399470899471
2 0.5398635912698413 0.6690410052910053 0.03260416666666667 0.02458994708994709
2 0.629141865079365 0.6268783068783069 0.06234871031746032 0.0956878306878307