0 0.5919642857142857 0.48820767195767195 0.2682663690476191 0.6013822751322752
2 0.5158655753968253 0.5319675925925926 0.11462053571428571 0.2080456349206349
2 0.40753472222222226 0.49471230158730156 0.1586656746031746 0.04469907407407407
1 0.3721999007936508 0.33637235449735453 0.10537450396825397 0.12197751322751323
1 0.4688715277777778 0.2989153439153439 0.08001488095238095 0.08568452380952381
1 0.4848015873015873 0.39912698412698416 0.10608134920634921 0.0968584656084656
1 0.3650297619047619 0.5849768518518519 0.14172867063492064 0.11901455026455025
1 0.40355406746031747 0.46564484126984124 0.09132192460317459 0.15071428571428572
1 0.3893253968253968 0.6964781746031746 0.13331597222222222 0.11253306878306879
2 0.30612599206349206 0.7330125661375662 0.07356398809523809 0.14261243386243386
2 0.4184697420634921 0.7621164021164021 0.025434027777777778 0.028865740740740744
2 0.33861359126984125 0.4508134920634921 0.10381200396825396 0.06432208994708995