1 0.6316170634920635 0.5315376984126984 0.16650793650793652 0.47378968253968257
0 0.3568328373015873 0.5479133597883599 0.28162202380952384 0.5495337301587302
2 0.34841021825396823 0.63073082010582 0.056443452380952386 0.09016534391534392
2 0.48344494047619047 0.574837962962963 0.0363343253968254 0.10403769841269842
2 0.4349627976190476 0.6408167989417989 0.03609375 0.054117063492063494
2 0.3776736111111111 0.4124404761904762 0.03560763888888889 0.037182539682539685
2 0.41339037698412695 0.43708002645502647 0.03978918650793651 0.032893518518518516
2 0.2929861111111111 0.4132671957671958 0.02247767857142857 0.03552910052910053
2 0.3354662698412698 0.7190277777777778 0.030776289682539683 0.02779431216931217
2 0.3542013888888889 0.8068617724867724 0.032686011904761905 0.03207671957671958
2 0.2772172619047619 0.7967724867724868 0.02185267857142857 0.028912037037037038
2 0.2588045634920635 0.7508796296296296 0.021490575396825397 0.03315476190476191
2 0.21404761904761904 0.7350760582010581 0.017668650793650792 0.03558201058201058
2 0.23163690476190477 0.5245271164021165 0.025503472222222223 0.027764550264550263
2 0.31026041666666665 0.5506646825396826 0.025034722222222222 0.03385251322751323
2 0.33428075396825396 0.49413690476190475 0.0411656746031746 0.06909060846560847
2 0.27671626984126985 0.44412367724867724 0.019935515873015872 0.01646825396825397
2 0.4016468253968254 0.37726190476190474 0.03550099206349206 0.05291997354497355
2 0.45716021825396824 0.4563359788359789 0.017078373015873016 0.023878968253968253
2 0.3756671626984127 0.7118617724867725 0.02912450396825397 0.034130291005291004
2 0.25191964285714286 0.5819080687830688 0.0250421626984127 0.029480820105820107
2 0.42840029761904763 0.2991600529100529 0.02793154761904762 0.0523015873015873
2 0.2180109126984127 0.410760582010582 0.022862103174603177 0.03118055555555556